TRUCK_DISTANCE=66693.16881408854
NUMBER_OF_TRUCK_DAYS=37
NUMBER_OF_TRUCK_USED=12
TOTAL_COST=70513168

SCHEDULE DETAILS
DAY = 1
NUMBER_OF_TRUCKS=9
1 -> [31 11 3 0 4]
2 -> [36 24 0 22]
3 -> [14 0 20 16 0 12]
4 -> [37 42 0 32]
5 -> [17 2 0 8 13]
6 -> [41 40 10 0 25 35]
7 -> [18 34 30 0 33 19]
8 -> [6 28 27 29 0 38 39 26]
9 -> [1 5 7]
DAY = 2
NUMBER_OF_TRUCKS=8
1 -> [62 57 0 59 66]
2 -> [52 51 0 15 65 68]
3 -> [53 63 48 70 0 44]
4 -> [46 0 60 56 50 61]
5 -> [23 43 45 47]
6 -> [55 71 54 0 58]
7 -> [67 69 0 64]
8 -> [21 0 49 9]
DAY = 3
NUMBER_OF_TRUCKS=8
1 -> [84 77 88]
2 -> [104 111]
3 -> [74 87 107 0 96 83]
4 -> [76 79 106 101 0 112]
5 -> [89 105 0 110 81 0 102]
6 -> [113 0 73 93 0 86]
7 -> [95 0 109 100 97 0 75 78]
8 -> [72]
DAY = 4
NUMBER_OF_TRUCKS=12
1 -> [140 125 133 0 80]
2 -> [134 0 117 129 0 149]
3 -> [103 124 0 123 92]
4 -> [147 116 0 119 150 136]
5 -> [135 82 0 145 126]
6 -> [127 115 0 99 148]
7 -> [143 131 130 0 121]
8 -> [146 0 122 94 0 137]
9 -> [139 144 0 128 91]
10 -> [118 142 90 0 132]
11 -> [85 120 0 108]
12 -> [98 141 0 138 114]
DAY = 5
NUMBER_OF_TRUCKS=0
DAY = 6
NUMBER_OF_TRUCKS=0
DAY = 7
NUMBER_OF_TRUCKS=0
DAY = 8
NUMBER_OF_TRUCKS=0
DAY = 9
NUMBER_OF_TRUCKS=0
DAY = 10
NUMBER_OF_TRUCKS=0
