DAYS = 35
TRUCK_CAPACITY = 18
TRUCK_MAX_DISTANCE = 2000

TRUCK_DISTANCE_COST = 100000
TRUCK_DAY_COST = 100
TRUCK_COST = 1000


LOCATIONS = 68
    1   451   205
    2   242   327
    3   577   345
    4   536   216
    5   348   366
    6   559   682
    7   544   433
    8   188   394
    9   371   273
   10   285   240
   11   619   365
   12   683   392
   13   383   461
   14   241   319
   15   425   708
   16   308   203
   17   307   471
   18   298   367
   19   519   356
   20   293   466
   21   499    50
   22   545    28
   23   180   322
   24   637   445
   25   319   477
   26   196   389
   27   293   309
   28   518   761
   29   375   567
   30   212   311
   31   469   450
   32   228   407
   33   536   429
   34   231   331
   35   264   472
   36   340   282
   37   283   312
   38   441   426
   39   389   392
   40   543   363
   41   296   463
   42   580   448
   43   567   692
   44   267   488
   45   250   365
   46   476   685
   47   629   539
   48   339   555
   49   399   569
   50   566   213
   51   323   467
   52   358   394
   53   327   456
   54   703   591
   55   543   359
   56   712   438
   57   264   324
   58   237   338
   59   332   441
   60   536   105
   61   713   422
   62   671   469
   63   544   421
   64   436   424
   65   453   189
   66   322   481
   67   281   526
   68    86   279

REQUESTS = 150
    1    40     1     4     5
    2    25     1     3     2
    3     6     1     5     8  
    4    26     1     5     6  
    5    39     1     5     2  
    6    19     1     6     2  
    7    20     2     4     2  
    8    38     2     7     2  
    9    18     2     3     4  
   10    39     2     7     1  
   11    34     2     7     1  
   12    27     3     7     2  
   13    50     3     4     2  
   14    19     3     5     4  
   15    21     3     4     4  
   16    37     4     5     5  
   17    46     4     9     4  
   18     7     4     9     2  
   19    16     4     5     4  
   20    10     4     9     7  
   21    51     4     7     4  
   22    26     4     9     3  
   23    45     4     9     6  
   24    24     4     8     3  
   25    26     4     5     8  
   26     5     4     5     1  
   27     2     4     9     1  
   28    42     4     7     5  
   29    42     5     7     3  
   30    24     5     9     9  
   31    21     5     7     1  
   32     8     5     8     4  
   33    44     5     9     4  
   34     9     5     8     5  
   35    16     6     8     2  
   36    25     6    10     2  
   37    31     6     8     5  
   38    24     6     8     3  
   39    17     7    11     9  
   40    21     7    10     1  
   41     2     7     9     3  
   42    43     7    12     10 
   43    28     7    12     9  
   44    29     7     8     3  
   45    33     7     8     3  
   46    31     7    12     6  
   47    28     7    12     3  
   48    13     7    12     12 
   49    49     8    12     1  
   50    49     8    13     2  
   51    18     8     9     5  
   52    26     8    10     2  
   53    43     8    12     5  
   54    39     8    13     4  
   55    39     9    13     3  
   56    33     9    10     4  
   57    14     9    10     3  
   58    11    10    13     4  
   59     5    10    11     1  
   60    43    10    15     2  
   61     6    10    15     2  
   62     7    10    14     5  
   63     8    12    15     4  
   64    36    12    16     5  
   65    43    12    16     1  
   66    39    12    14     1  
   67    49    12    14     5  
   68    22    13    14     6  
   69    34    13    16     2  
   70    31    13    18     3  
   71     9    13    17     1  
   72    28    13    14     1  
   73    20    14    17     2  
   74    37    14    16     5  
   75    19    14    15     9  
   76    38    14    16     5  
   77    24    14    16     2  
   78    50    15    17     3  
   79    50    15    19     3  
   80    34    15    16     4  
   81    14    16    20     2  
   82     5    16    21     4  
   83     4    16    20     8  
   84    44    16    21     4  
   85    50    16    18     3  
   86    45    17    20     4  
   87     5    17    21     4  
   88    25    17    19     5  
   89    38    17    19     5  
   90    51    18    19     5  
   91    44    18    20     5  
   92     2    18    23     2  
   93     2    19    23     4  
   94     6    19    23     7  
   95    44    19    22     5  
   96    43    19    24     5  
   97    19    19    24     7  
   98    13    19    22     5  
   99     4    19    23     2  
  100     9    19    23     4  
  101    51    19    21     1  
  102    29    19    22     2  
  103    40    19    20     3  
  104    31    20    22     1  
  105    20    20    21     1  
  106    45    21    22     3  
  107    37    21    22     6  
  108    27    21    22     3  
  109    23    21    22     4  
  110    19    21    24     4  
  111    21    21    22     1  
  112    27    21    22     1  
  113    50    21    25     5  
  114    32    21    24     3  
  115    45    21    26     5  
  116     8    21    25     7  
  117    42    22    25     4  
  118    11    23    26     4  
  119    50    23    27     2  
  120    33    23    24     5  
  121    34    23    27     3  
  122    50    24    26     1  
  123    35    24    28     8  
  124     3    24    27     2  
  125    35    24    27     1  
  126    44    25    28     3  
  127    19    25    29     5  
  128    45    25    29     3  
  129    37    25    27     3  
  130     2    26    28     9  
  131    35    26    30     4  
  132     9    26    30     13 
  133    42    26    27     5  
  134     2    26    30     4  
  135    37    27    30     5  
  136     3    27    29     2  
  137    10    28    29     1  
  138    46    28    30     2  
  139    37    28    30     5  
  140    37    28    30     1  
  141    10    28    29     2  
  142    18    28    30     1  
  143    14    29    32     2  
  144     7    29    34     1  
  145    34    29    33     3  
  146    43    29    32     2  
  147    46    29    34     11 
  148    47    29    30     4  
  149    29    29    31     2  
  150    27    29    30     12 
