DAYS = 10

TRUCK_CAPACITY = 15
TRUCK_MAX_DISTANCE = 2000
TRUCK_DISTANCE_COST = 10
TRUCK_DAY_COST = 100
TRUCK_COST = 100000

LOCATIONS = 54
   1   699   335
   2   473   376
   3   546   621
   4   309   257
   5   264   502
   6   233   333
   7   319   482
   8   543   163
   9   287   547
   10   284   625
   11   395   567
   12   477   667
   13   384   348
   14   264   379
   15   468   211
   16   386   377
   17   339   238
   18   181   371
   19   534   54
   20   340   388
   21   595   737
   22   423   239
   23   470   369
   24   154   349
   25   345   430
   26   605   532
   27   486   1
   28   425   413
   29   403   479
   30   426   422
   31   575   345
   32   315   465
   33   333   509
   34   501   76
   35   49   161
   36   293   594
   37   521   285
   38   234   377
   39   667   534
   40   393   481
   41   510   303
   42   213   377
   43   269   318
   44   312   458
   45   471   368
   46   574   174
   47   616   393
   48   339   386
   49   352   370
   50   507   78
   51   176   365
   52   566   256
   53   323   509
   54   347   368

REQUESTS = 150
    1    8    1    6    6
    2    46    1    2    6
    3    12    1    3    12
    4    29    1    3    6
    5    33    1    6    12
    6    18    1    4    10
    7    12    1    6    12
    8    22    1    4    6
    9    13    1    5    12
    10    4    1    3    6
    11    22    1    3    6
    12    20    1    4    12
    13    24    1    5    12
    14    14    1    5    6
    15    16    1    2    5
    16    28    1    6    5
    17    41    1    4    5
    18    30    1    5    6
    19    39    1    3    5
    20    23    1    5    10
    21    45    1    6    6
    22    13    1    2    10
    23    15    1    5    12
    24    26    1    4    12
    25    30    1    6    6
    26    19    1    5    15
    27    18    1    4    15
    28    22    1    6    10
    29    8    1    4    5
    30    13    1    2    6
    31    46    1    4    6
    32    30    1    2    6
    33    19    1    3    12
    34    4    1    4    10
    35    2    1    4    12
    36    17    2    4    6
    37    44    2    5    6
    38    39    2    6    6
    39    43    2    5    12
    40    27    2    6    12
    41    33    2    3    15
    42    15    2    5    5
    43    43    2    6    12
    44    19    2    7    5
    45    45    2    5    12
    46    32    2    3    15
    47    30    2    5    10
    48    4    2    7    6
    49    19    2    7    12
    50    48    2    6    12
    51    43    2    4    5
    52    15    2    6    10
    53    7    2    5    12
    54    51    2    6    6
    55    46    2    7    12
    56    31    2    7    6
    57    33    2    3    6
    58    14    2    3    10
    59    9    2    5    6
    60    46    2    5    12
    61    47    2    3    6
    62    37    2    7    6
    63    15    2    5    6
    64    33    2    3    12
    65    21    2    3    15
    66    13    2    7    12
    67    33    2    4    10
    68    7    2    3    12
    69    21    2    4    15
    70    50    2    3    12
    71    6    2    5    10
    72    42    2    3    12
    73    45    2    5    5
    74    27    2    5    15
    75    38    2    7    12
    76    34    3    6    6
    77    15    3    7    6
    78    13    3    6    10
    79    19    3    8    15
    80    51    3    7    5
    81    2    3    5    15
    82    21    3    5    6
    83    32    3    6    12
    84    11    3    6    5
    85    16    3    4    6
    86    29    3    4    6
    87    45    3    6    5
    88    42    3    6    15
    89    8    3    8    6
    90    20    3    4    10
    91    44    3    8    15
    92    16    3    5    6
    93    30    3    6    5
    94    22    3    5    10
    95    46    3    4    12
    96    49    3    4    12
    97    37    3    6    6
    98    30    3    8    6
    99    50    3    5    6
    100    38    3    8    15
    101    33    3    6    15
    102    20    3    7    6
    103    44    3    8    6
    104    37    3    4    15
    105    8    3    8    5
    106    42    3    8    10
    107    33    3    8    10
    108    24    3    7    10
    109    40    3    7    15
    110    28    3    5    5
    111    39    4    6    5
    112    30    4    8    5
    113    46    4    9    10
    114    25    4    5    5
    115    15    4    9    6
    116    51    4    5    12
    117    33    4    5    12
    118    21    4    6    12
    119    14    4    6    10
    120    38    4    5    6
    121    39    4    9    6
    122    32    4    7    5
    123    33    4    5    15
    124    12    4    6    5
    125    16    4    7    10
    126    10    4    7    6
    127    50    4    6    5
    128    36    4    9    12
    129    37    4    5    6
    130    34    4    8    10
    131    29    4    8    15
    132    15    4    6    15
    133    15    4    9    5
    134    37    4    9    6
    135    21    4    9    12
    136    43    4    5    6
    137    33    4    6    5
    138    2    4    7    10
    139    31    4    5    6
    140    27    4    9    5
    141    22    4    6    5
    142    15    4    7    5
    143    3    4    8    6
    144    31    4    5    15
    145    15    4    7    5
    146    5    4    5    15
    147    3    4    6    12
    148    41    4    9    12
    149    29    4    9    5
    150    2    4    5    15
