DAYS = 10

TRUCK_CAPACITY = 15
TRUCK_MAX_DISTANCE = 2000
TRUCK_DISTANCE_COST = 1000
TRUCK_DAY_COST = 100000
TRUCK_COST = 10000

LOCATIONS = 53
   1   670   340
   2   748   652
   3   201   364
   4   322   425
   5   193   384
   6   406   366
   7   295   375
   8   139   145
   9   272   311
   10   268   230
   11   306   355
   12   298   453
   13   247   338
   14   607   424
   15   622   353
   16   287   431
   17   292   471
   18   698   585
   19   540   663
   20   466   260
   21   585   717
   22   530   355
   23   431   246
   24   671   469
   25   353   270
   26   291   438
   27   329   355
   28   303   491
   29   49   211
   30   159   314
   31   365   390
   32   460   354
   33   187   267
   34   236   340
   35   316   596
   36   570   462
   37   425   327
   38   262   310
   39   378   443
   40   517   87
   41   270   585
   42   574   596
   43   212   310
   44   706   705
   45   222   279
   46   636   696
   47   376   415
   48   462   402
   49   570   433
   50   511   316
   51   734   427
   52   277   420
   53   564   735

REQUESTS = 150
    1    42    1    5    9
    2    16    1    2    6
    3    19    1    2    6
    4    51    1    3    6
    5    35    1    6    3
    6    14    1    3    6
    7    11    1    5    3
    8    17    1    3    6
    9    34    1    3    6
    10    37    1    6    3
    11    33    1    5    3
    12    31    1    4    6
    13    12    1    3    9
    14    50    1    2    3
    15    26    1    3    9
    16    7    1    4    9
    17    13    1    4    9
    18    14    1    2    6
    19    7    1    6    6
    20    46    1    3    6
    21    41    1    6    9
    22    46    1    5    9
    23    44    1    6    6
    24    25    1    6    3
    25    7    1    2    6
    26    13    1    3    3
    27    10    1    3    3
    28    36    1    5    3
    29    20    1    2    3
    30    30    1    6    6
    31    23    1    4    6
    32    32    1    2    9
    33    9    1    2    9
    34    39    1    2    3
    35    11    1    5    6
    36    29    1    4    6
    37    39    1    3    3
    38    23    1    6    3
    39    5    1    6    9
    40    8    1    3    9
    41    10    1    4    3
    42    8    1    3    6
    43    5    2    6    3
    44    27    2    5    6
    45    45    2    5    3
    46    44    2    3    9
    47    39    2    7    3
    48    38    2    5    3
    49    25    2    6    6
    50    42    2    4    3
    51    15    2    5    3
    52    16    2    6    9
    53    28    2    3    3
    54    49    2    6    6
    55    5    2    7    3
    56    42    2    3    6
    57    35    2    5    9
    58    29    2    3    9
    59    23    2    4    3
    60    22    2    3    3
    61    44    2    4    3
    62    33    2    7    6
    63    34    2    3    3
    64    7    2    4    6
    65    34    2    5    3
    66    32    2    4    9
    67    45    2    7    3
    68    51    2    7    3
    69    39    2    3    3
    70    5    2    4    6
    71    34    2    7    6
    72    34    3    4    3
    73    45    3    4    6
    74    34    3    6    9
    75    49    3    6    9
    76    3    3    5    3
    77    29    3    7    6
    78    20    3    5    6
    79    45    3    8    3
    80    3    3    8    6
    81    20    3    4    6
    82    6    3    7    9
    83    16    3    6    9
    84    40    3    5    3
    85    3    3    4    9
    86    37    3    7    6
    87    45    3    5    3
    88    40    3    8    6
    89    17    3    4    9
    90    39    3    7    9
    91    3    3    7    9
    92    21    3    6    6
    93    10    3    6    9
    94    21    3    4    6
    95    50    3    7    9
    96    12    3    8    6
    97    50    3    5    3
    98    18    3    4    6
    99    20    3    6    6
    100    45    3    4    6
    101    42    3    4    3
    102    44    3    7    9
    103    46    3    8    6
    104    8    3    8    6
    105    31    3    4    6
    106    27    3    5    3
    107    33    3    4    3
    108    41    3    4    3
    109    43    3    8    6
    110    14    3    8    6
    111    2    3    6    6
    112    46    3    5    9
    113    31    3    8    6
    114    25    3    4    9
    115    38    4    8    3
    116    44    4    5    9
    117    18    4    8    9
    118    16    4    5    3
    119    6    4    5    3
    120    48    4    8    6
    121    48    4    7    9
    122    19    4    7    9
    123    12    4    6    9
    124    18    4    6    3
    125    43    4    6    9
    126    45    4    9    6
    127    50    4    6    9
    128    17    4    8    6
    129    19    4    9    6
    130    20    4    5    9
    131    27    4    5    3
    132    20    4    7    9
    133    35    4    6    3
    134    24    4    5    6
    135    19    4    7    6
    136    51    4    5    9
    137    34    4    6    9
    138    7    4    6    6
    139    32    4    6    9
    140    13    4    7    3
    141    18    4    9    6
    142    29    4    6    3
    143    8    4    5    3
    144    16    4    6    3
    145    38    4    5    9
    146    40    4    8    3
    147    19    4    9    6
    148    25    4    8    9
    149    11    4    8    6
    150    10    4    6    3
