TRUCK_DISTANCE=181011.58857675482
NUMBER_OF_TRUCK_DAYS=183
NUMBER_OF_TRUCK_USED=11
TOTAL_COST=1811398885

SCHEDULE DETAILS
DAY = 1
NUMBER_OF_TRUCKS=3
1 -> [1 6]
2 -> [5 13 0 8]
3 -> [10 9]
DAY = 2
NUMBER_OF_TRUCKS=11
1 -> [12 0 31]
2 -> [30 24 0 33]
3 -> [15 0 28]
4 -> [23 2]
5 -> [20]
6 -> [26 18 0 29 19]
7 -> [4 34]
8 -> [36 32]
9 -> [37 0 25 21]
10 -> [14 35 22 16]
11 -> [17 11 0 3]
DAY = 3
NUMBER_OF_TRUCKS=2
1 -> [43 39 0 42]
2 -> [40]
DAY = 4
NUMBER_OF_TRUCKS=8
1 -> [57 55]
2 -> [44 0 45 54]
3 -> [62 0 58]
4 -> [48 0 49 52]
5 -> [46 51 0 41 56]
6 -> [50 0 59 0 60]
7 -> [47 38 0 27 53]
8 -> [7 61]
DAY = 5
NUMBER_OF_TRUCKS=2
1 -> [69 70 73 0 66]
2 -> [64]
DAY = 6
NUMBER_OF_TRUCKS=8
1 -> [65 84 0 76]
2 -> [67 0 72 75]
3 -> [68 0 86]
4 -> [78]
5 -> [63 0 88]
6 -> [77 85 79 83]
7 -> [82 80]
8 -> [87 81 0 74]
DAY = 7
NUMBER_OF_TRUCKS=4
1 -> [99 91 0 71]
2 -> [94 0 89]
3 -> [98 90 0 92]
4 -> [97 0 95 93]
DAY = 8
NUMBER_OF_TRUCKS=6
1 -> [107 117]
2 -> [103 101 0 108]
3 -> [105 104]
4 -> [102 96]
5 -> [113 110 0 106]
6 -> [114 0 111]
DAY = 9
NUMBER_OF_TRUCKS=9
1 -> [131 0 118 130 0 128]
2 -> [134 100]
3 -> [124 0 135]
4 -> [120 119 0 112]
5 -> [136 0 123 116]
6 -> [132 0 109]
7 -> [129 122 0 125]
8 -> [126 0 137]
9 -> [133 115]
DAY = 10
NUMBER_OF_TRUCKS=7
1 -> [147 154]
2 -> [139]
3 -> [141 151 127 0 144]
4 -> [138 0 153 0 121]
5 -> [140 0 146]
6 -> [148 155]
7 -> [156 142 143]
DAY = 11
NUMBER_OF_TRUCKS=7
1 -> [152 0 170]
2 -> [150 0 169]
3 -> [164 163 149]
4 -> [171 160 0 167]
5 -> [162 159]
6 -> [157 165 0 168]
7 -> [145 0 161]
DAY = 12
NUMBER_OF_TRUCKS=8
1 -> [185 0 191 188 0 181]
2 -> [190 0 176 172]
3 -> [179 0 175 183]
4 -> [189 182 0 186]
5 -> [166 0 174]
6 -> [184 0 180]
7 -> [192 0 158 177]
8 -> [173 193 0 178 187]
DAY = 13
NUMBER_OF_TRUCKS=3
1 -> [196 195]
2 -> [209 0 207]
3 -> [206]
DAY = 14
NUMBER_OF_TRUCKS=6
1 -> [197 218]
2 -> [199 221 0 204]
3 -> [224 0 213]
4 -> [208 223]
5 -> [205 201 0 222]
6 -> [202 0 210]
DAY = 15
NUMBER_OF_TRUCKS=3
1 -> [194 219 212 0 228]
2 -> [198 0 232]
3 -> [215 214 0 211]
DAY = 16
NUMBER_OF_TRUCKS=5
1 -> [225 0 239 236 251]
2 -> [245 240 249]
3 -> [216 248]
4 -> [226 203]
5 -> [220]
DAY = 17
NUMBER_OF_TRUCKS=11
1 -> [200 0 227]
2 -> [263 260 0 270]
3 -> [269 0 258 250 0 230]
4 -> [255 256 0 264]
5 -> [266 234]
6 -> [254 268 265 233 0 271]
7 -> [244 0 257]
8 -> [252 253 0 246]
9 -> [261]
10 -> [259 0 241]
11 -> [267]
DAY = 18
NUMBER_OF_TRUCKS=8
1 -> [285 279]
2 -> [262 272]
3 -> [238 282]
4 -> [247 283 0 229]
5 -> [235]
6 -> [242]
7 -> [278 243 237]
8 -> [231 276 0 217]
DAY = 19
NUMBER_OF_TRUCKS=4
1 -> [292 294 0 295]
2 -> [291 297 0 300 0 287]
3 -> [290 301 0 274]
4 -> [277]
DAY = 20
NUMBER_OF_TRUCKS=10
1 -> [315 298 0 275]
2 -> [289 0 312 0 302]
3 -> [286 0 299 0 309]
4 -> [314 280]
5 -> [308 288]
6 -> [293 0 281]
7 -> [296 0 310]
8 -> [284 0 316]
9 -> [273 305]
10 -> [306]
DAY = 21
NUMBER_OF_TRUCKS=5
1 -> [320 0 311 325]
2 -> [327 0 307 319 318]
3 -> [323 328]
4 -> [324 322]
5 -> [330]
DAY = 22
NUMBER_OF_TRUCKS=7
1 -> [313 321]
2 -> [333 0 337]
3 -> [329 0 344 0 340]
4 -> [342 345 0 339 326]
5 -> [335 0 303 0 338]
6 -> [343 0 336 0 317]
7 -> [331]
DAY = 23
NUMBER_OF_TRUCKS=3
1 -> [334 304 0 332]
2 -> [341 0 354]
3 -> [349 357]
DAY = 24
NUMBER_OF_TRUCKS=1
1 -> [347 356 0 348]
DAY = 25
NUMBER_OF_TRUCKS=10
1 -> [368 355 367]
2 -> [369 0 383 365 0 362]
3 -> [370 0 379]
4 -> [374 382]
5 -> [372 0 373]
6 -> [364 366 0 350]
7 -> [375 0 361]
8 -> [352 0 346 359]
9 -> [353 358]
10 -> [360]
DAY = 26
NUMBER_OF_TRUCKS=9
1 -> [395 381 384]
2 -> [378 389]
3 -> [380 398 0 396]
4 -> [386 0 371]
5 -> [394 393 377]
6 -> [351 0 385]
7 -> [387 0 390 0 399]
8 -> [363 397 0 391]
9 -> [388]
DAY = 27
NUMBER_OF_TRUCKS=4
1 -> [402 417]
2 -> [413 0 409 400]
3 -> [403 408 0 401]
4 -> [410 0 376]
DAY = 28
NUMBER_OF_TRUCKS=10
1 -> [425 422]
2 -> [418 0 424]
3 -> [427 0 431]
4 -> [415 0 430]
5 -> [392 406 0 416]
6 -> [429 420]
7 -> [411 0 426]
8 -> [414]
9 -> [432]
10 -> [421 405]
DAY = 29
NUMBER_OF_TRUCKS=4
1 -> [404 0 412 0 450]
2 -> [433 0 423]
3 -> [442 0 428 446 0 407]
4 -> [419 0 445]
DAY = 30
NUMBER_OF_TRUCKS=4
1 -> [449 0 448]
2 -> [441 435 0 443]
3 -> [437 447]
4 -> [440 439 0 444]
DAY = 31
NUMBER_OF_TRUCKS=1
1 -> [438 436 0 434]
DAY = 32
NUMBER_OF_TRUCKS=0
DAY = 33
NUMBER_OF_TRUCKS=0
DAY = 34
NUMBER_OF_TRUCKS=0
DAY = 35
NUMBER_OF_TRUCKS=0
