TRUCK_DISTANCE=82045.44213584984
NUMBER_OF_TRUCK_DAYS=44
NUMBER_OF_TRUCK_USED=8
TOTAL_COST=1624854

SCHEDULE DETAILS
DAY = 1
NUMBER_OF_TRUCKS=8
1 -> [32 0 12 0 2 31]
2 -> [6 0 25 0 24]
3 -> [16 20 0 8 11 0 30 21]
4 -> [22 17 0 3 0 33]
5 -> [14 0 5]
6 -> [34 0 28 0 7]
7 -> [18 4 0 26 0 13]
8 -> [19 1]
DAY = 2
NUMBER_OF_TRUCKS=8
1 -> [35 0 52 0 70 0 50]
2 -> [56 0 71 15 0 9]
3 -> [75 0 43]
4 -> [64 0 69]
5 -> [59 48 0 55 0 68]
6 -> [60 0 45 0 57 37]
7 -> [51 63 0 58 42]
8 -> [73]
DAY = 3
NUMBER_OF_TRUCKS=8
1 -> [80 106 0 83]
2 -> [87 85 0 10 110 0 65]
3 -> [94 0 107 0 67]
4 -> [100 0 53]
5 -> [91 0 72]
6 -> [102 89 0 46 0 81]
7 -> [40 0 61 97 0 95 0 66]
8 -> [41]
DAY = 4
NUMBER_OF_TRUCKS=7
1 -> [132 0 120 54 0 121]
2 -> [123 0 84 90]
3 -> [27 0 99 36]
4 -> [92 149 0 86 98 0 146]
5 -> [150 0 141 47 0 127 29]
6 -> [96 0 124 0 104]
7 -> [131 0 117]
DAY = 5
NUMBER_OF_TRUCKS=4
1 -> [118 0 111 38 0 115]
2 -> [49 0 116 0 129]
3 -> [23 0 114 136 0 39]
4 -> [144 0 82 139 0 74]
DAY = 6
NUMBER_OF_TRUCKS=6
1 -> [119 112 0 77 0 138 93]
2 -> [147 0 135 0 113]
3 -> [148 0 76 0 130]
4 -> [108 137 0 128]
5 -> [88 0 101]
6 -> [79 0 103 0 78]
DAY = 7
NUMBER_OF_TRUCKS=3
1 -> [109 0 62 0 125]
2 -> [143 126 0 134 133]
3 -> [140 44 105 0 142 145 122]
DAY = 8
NUMBER_OF_TRUCKS=0
DAY = 9
NUMBER_OF_TRUCKS=0
DAY = 10
NUMBER_OF_TRUCKS=0
